1,1,-1,0,0,-1,0,0,0,1,1,0,1,1,0,-1,-1,0,0,0,-1,1,0,0,0,0,-1,0,-1,1,0,0,0,-1,-1,0,-1,-1,-1,1,0,0,1,0,0,-1,-1,1,-1,-1,-1,0,-1,0,0,0,-1,-1,-1,0,1,1,1,0,0,1,1,0,-1,-1,1,-1,0,0,-1,0,0,0,-1,-1,0,1,0
1,x,1,-1,-1,0,0,0,0,0,1,1,0,1,-2,-1,0,0,0,-1,0,0,1,0,0,-1,0,-1,0,0,1,0,-1,-1,0,-1,-1,-1,0,0,1,0,0,1,-1,-1,1,-1,x,-1,0,-1,0,0,0,-1,-1,-1,0,0,0,1,1,1,0,0,1,-2,-1,1,-1,1,-1,-1,0,0,0,-1,-1,0,0,0,1
0,1,-1,x,-1,0,0,0,0,0,0,1,2,-1,x,0,-1,0,-1,0,0,0,0,1,-1,0,-1,0,0,0,0,-2,-1,0,-1,-1,-1,0,0,0,0,1,1,-1,x,x,-1,1,-1,0,-1,0,0,0,-1,-1,-1,0,0,0,0,0,1,1,1,-2,-1,x,1,-1,1,-1,x,-1,0,0,-1,-1,0,0,0,0,0
1,-1,1,-1,0,0,0,0,0,0,1,0,x,1,2,-1,0,-1,0,0,0,0,1,-1,1,-1,0,0,0,-2,-1,-1,0,-1,-1,-1,0,0,0,0,0,1,x,1,-1,-1,1,-1,1,-1,0,0,0,-1,-1,-1,0,0,0,0,0,0,1,x,x,x,-2,-2,-1,1,-1,1,-1,0,0,-1,-1,0,0,0,0,0,0
-1,1,-1,1,-1,0,0,0,0,0,0,1,1,0,x,1,2,-1,0,0,0,1,-1,1,-1,1,-1,-2,-1,-1,-1,0,-1,-1,-1,0,0,0,0,0,0,0,1,-1,x,x,-1,1,-1,1,-1,0,-1,-1,-1,0,0,0,0,0,0,0,0,1,-2,-2,-1,-1,1,-1,1,-1,1,-1,-1,-1,0,0,0,0,0,0,0
1,-1,1,-1,1,-1,0,0,0,0,0,0,1,1,1,0,x,1,2,-1,1,-1,1,-1,x,x,x,-1,x,-1,0,-1,-1,-1,0,0,0,0,0,0,0,1,-1,1,-1,-1,1,-1,1,-1,1,-1,-1,-1,0,0,0,0,0,0,0,1,-2,-2,x,-1,x,1,-1,1,-1,1,-1,x,-1,0,0,0,0,0,0,0,0
-1,1,-1,1,-1,1,-1,0,0,0,0,0,0,1,1,1,1,2,x,x,x,x,-1,1,-1,0,-1,0,-1,0,-1,-1,-1,0,0,0,0,0,0,0,1,-1,1,-1,x,x,-1,1,-1,1,-1,x,-1,0,0,0,0,0,0,1,-2,-2,1,0,2,0,1,-1,1,-1,1,-1,1,-1,0,0,0,0,0,0,0,0,0
1,-1,1,-1,1,-1,1,-1,0,0,0,0,0,0,1,1,1,1,1,2,0,-1,1,-1,1,-1,0,-1,0,-1,-1,-1,0,0,0,0,0,0,0,1,-1,1,-1,1,-1,-1,1,-1,1,-1,1,-1,0,0,0,0,0,1,-2,-2,1,0,-2,1,0,2,x,1,-1,1,-1,1,-1,1,-1,0,0,0,0,0,0,0,0
-1,1,-1,1,-1,1,-1,1,-1,0,0,0,0,0,0,1,1,1,x,1,-2,x,-1,1,-1,1,-1,0,-1,-1,-1,0,0,0,0,0,0,0,1,-1,1,-1,1,-1,x,x,-1,1,-1,1,-1,1,-1,0,0,1,-2,-2,1,0,-2,1,0,-2,1,0,2,x,1,-1,1,-1,1,-1,1,-1,0,0,0,0,0,0,0
1,-1,1,-1,1,-1,1,-1,1,-1,0,0,0,0,0,0,1,1,2,0,1,-1,1,-1,1,-1,1,-1,-1,-1,0,0,0,0,0,0,0,1,-1,1,-1,1,-1,1,-1,-1,1,-1,1,-1,1,-1,1,-3,-2,-2,1,0,-2,1,0,-2,1,0,-2,1,0,2,x,1,-1,1,-1,1,-1,1,-1,0,0,0,0,0,0
-1,1,-1,1,-1,1,-1,1,-1,1,-1,0,0,0,0,0,0,1,1,2,x,1,-1,1,-1,1,-1,x,-1,0,0,0,0,0,0,0,1,-1,1,-1,1,-1,1,-1,x,x,-1,1,-1,1,x,x,x,x,-3,-2,-2,1,0,-2,1,0,-2,1,0,-2,1,0,2,x,1,-1,1,-1,1,-1,1,-1,0,0,0,0,0
1,-1,1,-1,1,-1,1,-1,1,-1,1,-1,0,0,0,0,0,0,1,1,2,x,1,-1,1,-1,1,-1,0,0,0,0,0,0,0,1,-1,1,-1,1,-1,1,-1,1,-1,-1,1,-1,1,-1,1,-3,0,-2,-2,0,0,-2,1,0,-2,1,0,-2,1,0,-2,1,0,2,x,1,-1,1,-1,1,-1,1,-1,0,0,0,0
-1,1,-1,1,-1,1,-1,1,-1,1,-1,1,-1,0,0,0,0,0,0,1,1,2,x,1,-1,1,-1,1,-1,0,0,0,0,0,1,-1,1,-1,1,-1,1,-1,1,-1,x,x,-1,1,x,1,x,x,2,0,-2,-2,0,0,-2,1,0,-2,1,0,-2,1,0,-2,1,0,2,x,1,-1,1,-1,1,-1,1,-1,0,0,0
1,-1,1,-1,1,-1,1,-1,1,-1,1,-1,1,-1,0,0,0,0,0,0,1,1,2,x,1,-1,1,-1,1,-1,0,0,0,1,-1,1,-1,1,-1,1,-1,1,-1,1,-1,-1,0,0,1,0,3,0,-2,-2,2,0,-2,0,0,-2,1,0,-2,1,0,-2,1,0,-2,1,0,2,x,1,-1,1,-1,1,-1,1,-1,0,0
-1,1,-1,1,-1,1,-1,1,-1,1,-1,1,-1,1,-1,0,0,0,0,0,0,1,1,2,x,1,-1,1,-1,1,-1,0,1,-1,1,-1,1,-1,1,-1,1,-1,1,-1,x,-1,0,0,3,1,-2,-2,2,3,-2,-2,2,-2,-2,0,-2,1,0,-2,1,0,-2,1,0,-2,1,0,2,x,1,-1,1,-1,1,-1,1,-1,0
1,-1,1,-1,1,-1,1,-1,1,-1,1,-1,1,-1,1,-1,0,0,0,0,0,0,1,1,2,x,1,-1,1,-1,1,-2,-1,1,-1,1,-1,1,-1,1,-1,1,-1,1,-1,0,3,1,-2,-2,x,3,-2,-2,x,x,x,0,x,0,-2,-2,1,0,-2,1,0,-2,1,0,-2,1,0,2,x,1,-1,1,-1,1,-1,1,-1
-1,1,-1,1,-1,1,-1,1,-1,1,-1,1,-1,1,-1,1,-1,0,0,0,0,0,0,1,1,2,x,1,x,x,x,x,x,-1,1,-1,1,-1,1,-1,1,-1,1,-1,x,-2,-2,-2,1,3,-2,-2,0,0,3,0,-2,0,-2,-2,0,0,-2,1,0,-2,1,0,-2,1,0,-2,1,0,2,x,1,-1,1,-1,1,-1,1
1,-1,1,-1,1,-1,1,-1,1,-1,1,-1,1,-1,1,-1,1,-1,0,0,0,0,0,0,1,1,2,2,1,0,0,0,-1,1,-1,1,-1,1,-1,1,-1,1,-1,x,2,-2,1,0,-2,x,0,x,3,0,-2,0,-2,2,0,-2,-2,0,0,-2,1,0,-2,1,0,-2,1,0,-2,1,0,2,x,1,-1,1,-1,1,-1
-1,1,-1,1,-1,1,-1,1,-1,1,-1,1,-1,1,-1,1,-1,1,-1,0,0,0,0,0,0,1,1,x,2,-4,0,-1,1,-1,1,-1,1,-1,1,-1,1,-1,x,-2,0,2,x,1,0,-2,0,0,-2,0,-2,2,-2,-2,-2,2,0,-2,0,0,-2,1,0,-2,1,0,-2,1,0,-2,1,0,2,x,1,-1,1,-1,1
1,-1,1,-1,1,-1,1,-1,1,-1,1,-1,1,-1,1,-1,1,-1,1,-1,0,0,0,0,0,-4,1,1,0,0,2,1,-1,1,-1,1,-1,1,-1,1,-1,x,2,0,0,0,2,x,1,0,-2,0,-2,2,-2,-2,-2,2,0,-2,0,2,-2,-2,0,-2,1,0,-2,1,0,-2,1,0,-2,1,0,2,x,1,-1,1,-1
-1,1,-1,1,-1,1,-1,1,-1,1,-1,1,-1,1,-1,1,-1,1,-1,1,-1,-4,0,0,0,0,0,1,1,2,1,-1,x,x,1,-1,1,-1,1,-1,1,-1,0,0,2,0,0,2,x,1,-2,2,-2,-2,-2,2,0,-2,0,2,-2,-2,0,x,0,-2,-2,1,0,-2,1,0,-2,1,0,-2,1,0,2,x,1,-1,1
1,-1,1,-1,1,-1,1,-1,1,-1,1,-1,1,-1,1,-1,x,x,1,-1,1,-1,-4,0,0,0,0,0,x,1,x,x,-3,1,-1,1,-1,1,-1,1,-1,1,-1,0,0,0,2,1,2,2,x,x,x,2,0,-2,0,2,-2,-2,0,2,0,-2,-2,0,0,-2,1,0,-2,1,0,-2,1,0,-2,1,0,2,x,1,-1
-1,1,-1,1,-1,1,-1,1,-1,1,-1,1,-1,1,-1,1,-1,-3,x,1,-1,1,-1,-4,0,0,0,0,0,-3,1,0,1,x,1,-1,1,-1,1,-1,1,-1,1,-1,0,0,0,0,x,1,2,2,0,-2,0,2,-2,-2,0,2,0,-2,-2,2,0,-2,0,0,-2,1,0,-2,1,0,-2,1,0,-2,1,0,2,x,1
1,-1,1,-1,1,-1,1,-1,1,-1,1,-1,1,-1,x,-1,x,-1,-2,x,1,-1,1,-1,-4,0,-3,0,0,0,0,1,0,1,-1,1,-1,1,-1,1,-1,1,-1,1,-1,0,0,0,0,2,1,x,2,2,-2,-2,0,2,0,-2,-2,2,0,-2,0,2,-2,-2,0,-2,1,0,-2,1,0,-2,1,0,-2,1,0,2,2
-1,1,-1,1,-1,1,-1,1,-1,1,-1,1,-1,1,-1,0,2,0,0,-2,x,1,-1,x,-1,2,0,0,0,0,0,0,1,-1,1,-1,1,-1,1,-1,1,-1,1,-1,1,-1,0,0,0,0,2,2,-2,x,2,2,-2,-2,-2,2,0,-2,0,2,-2,-2,0,x,0,-2,-2,1,0,-2,1,0,-2,1,0,-2,1,0,0
1,-1,1,-1,1,-1,1,-1,1,-1,1,-1,1,-1,1,-1,0,-2,2,0,1,-1,1,-1,0,0,0,2,0,0,0,1,-1,1,-1,1,-1,1,-1,1,-1,1,-1,1,-1,1,-1,0,2,0,-2,0,2,2,-2,-2,x,2,-2,-2,0,2,-2,-2,0,2,0,-2,-2,0,0,-2,1,0,-2,1,0,-2,1,0,-2,1,0
-1,1,-1,1,-1,1,-1,1,-1,1,-1,1,-1,1,-1,x,2,0,0,2,x,1,-1,1,-1,0,0,0,0,2,1,-1,1,-1,1,-1,1,-1,1,-1,1,-1,1,-1,1,-1,x,-2,-2,0,2,2,-2,-2,2,2,-2,-2,0,2,-2,-2,0,2,0,-2,-2,2,0,-2,0,0,-2,1,0,-2,1,0,-2,1,0,-2,1
1,-1,1,-1,1,-1,1,-1,1,-1,1,-1,1,-1,1,-1,0,0,2,0,2,x,1,-1,1,-1,0,0,2,1,-1,x,x,1,-1,1,-1,1,-1,1,-1,1,-1,1,-1,x,2,0,2,2,-2,-2,2,2,-2,-2,2,2,-2,-2,0,2,0,-2,-2,2,0,-2,0,2,-2,-2,0,-2,1,0,-2,1,0,-2,1,0,-2
-1,1,-1,1,-1,1,-1,1,-1,1,-1,1,-1,1,-1,1,-1,0,0,0,2,2,x,1,-1,1,-1,2,1,-1,x,-3,1,-1,1,-1,1,-1,1,-1,1,-1,1,-1,1,-1,2,2,x,-2,2,2,-2,-2,2,2,-2,-2,2,2,-2,-2,-2,2,0,-2,0,2,-2,-2,0,x,0,-2,-2,1,0,-2,1,0,-2,1,0
1,-1,1,-1,1,-1,1,-1,1,-1,1,-1,1,-1,1,-1,1,-1,0,0,0,0,2,x,1,-1,x,x,x,x,2,1,x,1,-1,1,-1,1,-1,1,-1,1,-1,1,-1,x,x,x,2,2,-2,-2,2,2,-2,-2,2,2,-2,-2,x,2,-2,-2,0,2,-2,-2,0,2,0,-2,-2,0,0,-2,1,0,-2,1,0,-2,1
-1,1,-1,1,-1,1,-1,1,-1,1,-1,1,-1,1,-1,1,-1,1,-1,0,0,0,0,2,x,1,-1,0,0,0,0,0,2,-1,1,-1,1,-1,1,-1,1,-1,1,-1,1,-1,2,2,-2,-2,2,2,-2,-2,2,2,-2,-2,2,2,-2,-2,0,2,-2,-2,0,2,0,-2,-2,2,0,-2,0,0,-2,1,0,-2,1,0,-2
1,-1,1,-1,1,-1,1,-1,1,-1,1,-1,1,-1,1,-1,1,-1,1,-1,0,0,0,0,2,x,1,-1,0,0,0,2,-1,x,x,x,-1,1,-1,1,-1,1,-1,1,x,x,x,x,2,2,-2,-2,2,2,-2,-2,2,2,-2,-2,2,2,-2,-2,0,2,0,-2,-2,2,0,-2,0,2,-2,-2,0,-2,1,0,-2,1,0
-1,1,-1,1,-1,1,-1,1,-1,1,-1,1,-1,1,-1,1,-1,1,-1,1,-1,0,0,0,0,2,x,1,-1,0,0,-1,0,2,-1,-1,1,-1,1,-1,1,-1,1,-1,1,0,2,2,-2,-2,2,2,-2,-2,2,2,-2,-2,2,2,-2,-2,2,2,-2,-2,-2,2,0,-2,0,2,-2,-2,0,x,0,-2,-2,1,0,-2,1
1,-1,1,-1,1,-1,1,-1,1,-1,1,-1,1,-1,1,-1,1,-1,1,-1,1,-1,0,0,0,0,2,x,1,-1,-1,0,2,-1,-1,x,-1,1,-1,1,-1,1,-1,1,x,2,-2,x,2,2,-2,-2,2,2,-2,-2,2,2,-2,-2,2,2,-2,-2,x,2,-2,-2,0,2,-2,-2,0,2,0,-2,-2,0,0,-2,1,0,-2
-1,1,-1,1,-1,1,-1,1,-1,1,-1,1,-1,1,-1,1,-1,1,-1,1,-1,1,-1,0,0,0,0,2,x,x,-1,2,-1,-1,2,-1,1,-1,1,-1,1,-1,1,-1,2,0,2,2,-2,-2,2,2,-2,-2,2,2,-2,-2,2,2,-2,-2,2,2,-2,-2,0,2,-2,-2,0,2,0,-2,-2,2,0,-2,0,0,-2,1,0
1,-1,1,-1,1,-1,1,-1,1,-1,1,-1,1,-1,1,-1,1,-1,1,-1,1,-1,1,-1,0,0,0,0,0,-3,2,-1,-1,2,-1,x,x,x,-1,1,-1,1,-1,1,x,2,x,-2,2,2,-2,-2,2,2,-2,-2,2,2,-2,-2,2,2,-2,-2,2,2,-2,-2,0,2,0,-2,-2,2,0,-2,0,2,-2,-2,0,0,1
-1,1,-1,1,-1,1,-1,1,-1,1,-1,1,-1,1,-1,1,-1,1,-1,1,-1,1,-1,1,-1,0,-3,2,0,2,-1,-1,2,-1,0,2,-1,-1,1,-1,1,-1,1,x,1,-2,2,2,-2,-2,2,2,-2,-2,2,2,-2,-2,2,2,-2,-2,2,2,-2,-2,2,2,-2,-2,-2,2,0,-2,0,2,-2,-2,0,2,0,-2,0
1,-1,1,-1,1,-1,1,-1,1,-1,1,-1,1,-1,1,-1,1,-1,1,-1,1,-1,1,x,1,-1,0,-3,2,x,-1,2,-1,0,2,-1,-1,x,-1,1,-1,1,x,2,2,x,-2,x,2,2,-2,-2,2,2,-2,-2,2,2,-2,-2,2,2,-2,-2,2,2,-2,-2,x,2,-2,-2,0,2,-2,-2,0,2,0,-2,0,2,0
-1,1,-1,1,-1,1,-1,1,-1,1,-1,1,-1,1,-1,1,-1,1,-1,1,-1,1,-1,1,x,x,-1,2,-3,-2,2,-1,0,2,-1,-1,2,-1,1,-1,1,-1,2,0,-2,2,2,2,-2,-2,2,2,-2,-2,2,2,-2,-2,2,2,-2,-2,2,2,-2,-2,2,2,-2,-2,0,2,-2,-2,0,2,0,-2,0,2,0,-2,0
1,-1,1,-1,1,-1,1,-1,1,-1,1,-1,1,-1,1,-1,1,-1,1,-1,1,-1,1,-1,1,-3,-2,-2,-2,2,-1,-2,2,-1,-1,2,-1,x,x,x,x,1,x,-2,2,2,-2,x,2,2,-2,-2,2,2,-2,-2,2,2,-2,-2,2,2,-2,-2,2,2,-2,-2,2,2,-2,-2,0,2,0,-2,0,2,0,-2,0,2,0
-1,1,-1,1,-1,1,-1,1,-1,1,-1,1,-1,1,-1,1,-1,1,-1,1,-1,1,x,x,x,x,x,x,-2,x,x,2,-1,x,2,-1,0,2,-1,0,0,-2,-2,0,-2,-2,2,2,-2,-2,2,2,-2,-2,2,2,-2,-2,2,2,-2,-2,2,2,-2,-2,2,2,-2,-2,2,2,-2,-2,0,2,0,-2,0,2,0,-2,0
1,-1,1,-1,1,-1,1,-1,1,-1,1,-1,1,-1,1,-1,1,-1,1,-1,1,-1,1,0,0,0,-2,0,0,0,0,-1,0,2,-1,0,2,-1,0,3,3,0,-2,-2,2,2,-2,-2,2,2,-2,-2,2,2,-2,-2,2,2,-2,-2,2,2,-2,-2,2,2,-2,-2,2,2,-2,-2,2,2,-2,-2,0,2,0,-2,0,2,0
-1,1,-1,1,-1,1,-1,1,-1,1,-1,1,-1,1,-1,1,-1,1,-1,1,-1,1,-1,1,-2,0,0,0,0,0,-1,0,0,-1,0,2,-1,3,-2,-1,x,-2,x,x,-2,-2,2,2,-2,-2,2,2,-2,-2,2,2,-2,-2,2,2,-2,-2,2,2,-2,-2,2,2,-2,-2,2,2,-2,-2,2,2,-2,-2,0,2,0,-2,0
1,-1,1,-1,1,-1,1,-1,1,-1,1,-1,1,-1,1,-1,1,-1,1,-1,1,x,x,x,1,-2,0,0,0,-1,0,0,-1,2,-2,-1,-2,x,x,-2,2,-2,3,-2,2,2,-2,-2,2,2,-2,-2,2,2,-2,-2,2,2,-2,-2,2,2,-2,-2,2,2,-2,-2,2,2,-2,-2,2,2,-2,-2,2,2,-2,-2,0,2,0
-1,1,-1,1,-1,1,-1,1,-1,1,-1,1,-1,1,-1,1,-1,1,-1,1,-1,1,1,-2,0,1,0,0,-1,0,0,-1,x,x,x,2,-2,3,2,-2,0,-2,2,2,x,x,2,2,-2,-2,2,2,-2,-2,2,2,-2,-2,2,2,-2,-2,2,2,-2,-2,2,2,-2,-2,2,2,-2,-2,2,2,-2,-2,2,2,-2,-2,0
1,-1,1,-1,1,-1,1,-1,1,-1,1,-1,1,-1,1,-1,1,-1,1,-1,1,x,1,1,-2,0,1,-1,0,0,-1,0,0,0,-2,0,0,x,2,-2,2,-2,-2,0,2,2,-2,-2,2,2,-2,-2,2,2,-2,-2,2,2,-2,-2,2,2,-2,-2,2,2,-2,-2,2,2,-2,-2,2,2,-2,-2,2,2,-2,-2,2,2,-2
-1,1,-1,1,-1,1,-1,1,-1,1,-1,1,-1,1,-1,1,-1,1,-1,1,-1,1,-2,1,1,-2,-1,1,-1,-1,0,0,-2,0,0,0,0,-2,2,-2,x,0,2,2,-2,-2,2,2,-2,-2,2,2,-2,-2,2,2,-2,-2,2,2,-2,-2,2,2,-2,-2,2,2,-2,-2,2,2,-2,-2,2,2,-2,-2,2,2,-2,-2,2
1,-1,1,-1,1,-1,1,-1,1,-1,1,-1,1,-1,1,-1,1,-1,1,x,x,x,1,-2,x,x,x,-1,x,-1,-2,0,0,0,0,-2,0,-2,0,0,2,2,-2,-2,2,2,-2,-2,2,2,-2,-2,2,2,-2,-2,2,2,-2,-2,2,2,-2,-2,2,2,-2,-2,2,2,-2,-2,2,2,-2,-2,2,2,-2,-2,2,2,-2
-1,1,-1,1,-1,1,-1,1,-1,1,-1,1,-1,1,-1,1,-1,1,-1,1,1,-2,0,1,0,0,-1,0,2,0,0,0,0,-2,0,-2,0,0,2,2,-2,-2,2,2,-2,-2,2,2,-2,-2,2,2,-2,-2,2,2,-2,-2,2,2,-2,-2,2,2,-2,-2,2,2,-2,-2,2,2,-2,-2,2,2,-2,-2,2,2,-2,-2,2
1,-1,1,-1,1,-1,1,-1,1,-1,1,-1,1,-1,1,-1,1,-1,1,x,1,1,-2,0,1,-1,0,0,0,0,2,-2,0,-2,0,0,2,2,-2,-2,2,2,-2,-2,2,2,-2,-2,2,2,-2,-2,2,2,-2,-2,2,2,-2,-2,2,2,-2,-2,2,2,-2,-2,2,2,-2,-2,2,2,-2,-2,2,2,-2,-2,2,2,-2
-1,1,-1,1,-1,1,-1,1,-1,1,-1,1,-1,1,-1,1,-1,1,-1,1,-2,1,1,-2,-1,1,-1,0,0,-2,0,-2,2,0,2,2,-2,-2,2,2,-2,-2,2,2,-2,-2,2,2,-2,-2,2,2,-2,-2,2,2,-2,-2,2,2,-2,-2,2,2,-2,-2,2,2,-2,-2,2,2,-2,-2,2,2,-2,-2,2,2,-2,-2,2
1,-1,1,-1,1,-1,1,-1,1,-1,1,-1,1,-1,1,-1,1,x,x,x,1,-2,x,x,x,-1,1,3,0,-2,0,0,2,2,x,-2,2,2,-2,-2,2,2,-2,-2,2,2,-2,-2,2,2,-2,-2,2,2,-2,-2,2,2,-2,-2,2,2,-2,-2,2,2,-2,-2,2,2,-2,-2,2,2,-2,-2,2,2,-2,-2,2,2,-2
-1,1,-1,1,-1,1,-1,1,-1,1,-1,1,-1,1,-1,1,-1,1,1,-2,0,1,0,0,4,0,0,x,0,1,3,-3,-2,-2,2,2,-2,-2,2,2,-2,-2,2,2,-2,-2,2,2,-2,-2,2,2,-2,-2,2,2,-2,-2,2,2,-2,-2,2,2,-2,-2,2,2,-2,-2,2,2,-2,-2,2,2,-2,-2,2,2,-2,-2,2
1,-1,1,-1,1,-1,1,-1,1,-1,1,-1,1,-1,1,-1,1,x,1,1,-2,0,1,0,0,0,0,1,5,0,x,-2,x,x,-2,-2,x,2,-2,-2,2,2,-2,-2,2,2,-2,-2,2,2,-2,-2,2,2,-2,-2,2,2,-2,-2,2,2,-2,-2,2,2,-2,-2,2,2,-2,-2,2,2,-2,-2,2,2,-2,-2,2,2,-2
-1,1,-1,1,-1,1,-1,1,-1,1,-1,1,-1,1,-1,1,-1,1,-2,1,1,-2,0,1,0,0,0,0,1,-2,0,0,3,3,0,2,-2,-2,2,2,-2,-2,2,2,-2,-2,2,2,-2,-2,2,2,-2,-2,2,2,-2,-2,2,2,-2,-2,2,2,-2,-2,2,2,-2,-2,2,2,-2,-2,2,2,-2,-2,2,2,-2,-2,2
1,-1,1,-1,1,-1,1,-1,1,-1,1,-1,1,-1,1,x,x,x,1,-2,1,1,-2,0,1,0,1,-2,0,1,0,3,0,2,2,x,x,2,x,-2,2,2,-2,-2,2,2,-2,-2,2,2,-2,-2,2,2,-2,-2,2,2,-2,-2,2,2,-2,-2,2,2,-2,-2,2,2,-2,-2,2,2,-2,-2,2,2,-2,-2,2,2,-2
-1,1,-1,1,-1,1,-1,1,-1,1,-1,1,-1,1,-1,1,1,-2,0,1,-2,1,1,-2,1,2,0,1,0,0,1,0,0,3,3,2,2,-2,2,2,-2,-2,2,2,-2,-2,2,2,-2,-2,2,2,-2,-2,2,2,-2,-2,2,2,-2,-2,2,2,-2,-2,2,2,-2,-2,2,2,-2,-2,2,2,-2,-2,2,2,-2,-2,2
1,-1,1,-1,1,-1,1,-1,1,-1,1,-1,1,-1,1,x,1,1,-2,0,1,-2,1,1,-2,1,2,2,1,0,0,1,3,2,0,x,x,x,x,-2,2,2,-2,-2,2,2,-2,-2,2,2,-2,-2,2,2,-2,-2,2,2,-2,-2,2,2,-2,-2,2,2,-2,-2,2,2,-2,-2,2,2,-2,-2,2,2,-2,-2,2,2,-2
-1,1,-1,1,-1,1,-1,1,-1,1,-1,1,-1,1,-1,1,-2,1,1,-2,0,1,-2,1,1,-2,1,x,2,3,0,0,1,0,1,-6,0,-2,2,2,-2,-2,2,2,-2,-2,2,2,-2,-2,2,2,-2,-2,2,2,-2,-2,2,2,-2,-2,2,2,-2,-2,2,2,-2,-2,2,2,-2,-2,2,2,-2,-2,2,2,-2,-2,2
1,-1,1,-1,1,-1,1,-1,1,-1,1,-1,1,x,x,x,1,-2,1,1,-2,0,1,-2,1,1,-2,1,1,-6,3,-2,3,2,0,x,2,x,x,-2,2,2,-2,-2,2,2,-2,-2,2,2,-2,-2,2,2,-2,-2,2,2,-2,-2,2,2,-2,-2,2,2,-2,-2,2,2,-2,-2,2,2,-2,-2,2,2,-2,-2,2,2,-2
-1,1,-1,1,-1,1,-1,1,-1,1,-1,1,-1,1,1,-2,0,1,-2,1,1,-2,1,x,-2,x,1,x,1,x,-6,0,x,3,-2,3,0,-2,2,2,-2,-2,2,2,-2,-2,2,2,-2,-2,2,2,-2,-2,2,2,-2,-2,2,2,-2,-2,2,2,-2,-2,2,2,-2,-2,2,2,-2,-2,2,2,-2,-2,2,2,-2,-2,2
1,-1,1,-1,1,-1,1,-1,1,-1,1,-1,1,x,1,1,-2,0,1,-2,1,1,-2,1,-6,-2,0,1,-6,1,0,-6,-2,3,0,-2,-2,x,x,-2,x,2,-2,-2,2,2,-2,-2,2,2,-2,-2,2,2,-2,-2,2,2,-2,-2,2,2,-2,-2,2,2,-2,-2,2,2,-2,-2,2,2,-2,-2,2,2,-2,-2,2,2,-2
-1,1,-1,1,-1,1,-1,1,-1,1,-1,1,-1,1,-2,1,1,-2,-6,1,-2,1,x,-2,1,-6,-2,3,1,-6,-2,3,-6,-2,-2,0,3,-2,-2,2,-2,-2,2,2,-2,-2,2,2,-2,-2,2,2,-2,-2,2,2,-2,-2,2,2,-2,-2,2,2,-2,-2,2,2,-2,-2,2,2,-2,-2,2,2,-2,-2,2,2,-2,-2,2
1,-1,1,-1,1,-1,1,-1,1,-1,1,x,x,x,x,-2,x,x,x,-6,x,x,1,-6,-2,x,-6,x,x,x,x,-2,x,-2,3,-2,-2,2,x,x,2,x,-2,-2,2,2,-2,-2,2,2,-2,-2,2,2,-2,-2,2,2,-2,-2,2,2,-2,-2,2,2,-2,-2,2,2,-2,-2,2,2,-2,-2,2,2,-2,-2,2,2,-2
-1,1,-1,1,-1,1,-1,1,-1,1,-1,1,0,-5,0,0,1,-6,0,0,-6,0,-2,1,0,-2,0,0,0,-2,0,-2,3,-2,-2,0,3,3,2,3,-2,-2,2,2,-2,-2,2,2,-2,-2,2,2,-2,-2,2,2,-2,-2,2,2,-2,-2,2,2,-2,-2,2,2,-2,-2,2,2,-2,-2,2,2,-2,-2,2,2,-2,-2,2
1,-1,1,-1,1,-1,1,-1,x,-1,1,x,-2,0,-6,1,-2,1,-6,0,-2,0,0,-2,1,0,-2,-2,0,-2,0,-2,-2,0,0,3,2,x,-2,x,x,x,x,-2,x,2,-2,-2,2,2,-2,-2,2,2,-2,-2,2,2,-2,-2,2,2,-2,-2,2,2,-2,-2,2,2,-2,-2,2,2,-2,-2,2,2,-2,-2,2,2,-2
-1,1,-1,1,-1,1,-1,1,2,0,-2,1,-6,2,-2,0,x,-2,x,0,0,-2,0,0,-2,-2,0,-2,0,-2,-2,0,0,3,2,0,-2,0,x,0,-2,-2,0,2,-2,-2,2,2,-2,-2,2,2,-2,-2,2,2,-2,-2,2,2,-2,-2,2,2,-2,-2,2,2,-2,-2,2,2,-2,-2,2,2,-2,-2,2,2,-2,-2,2
1,-1,1,-1,x,x,x,x,x,-2,x,-6,x,-6,-6,3,-2,0,0,-2,0,0,-2,-2,0,-2,0,-2,-2,0,0,3,2,0,-2,0,x,0,-2,-2,0,2,-2,-2,2,2,-2,-2,2,2,-2,-2,2,2,-2,-2,2,2,-2,-2,2,2,-2,-2,2,2,-2,-2,2,2,-2,-2,2,2,-2,-2,2,2,-2,-2,2,2,-2
-1,1,-1,1,-1,-6,0,6,-6,0,-2,0,0,0,-2,0,0,-2,3,0,-2,-2,0,-2,0,-2,-2,0,0,3,2,0,-2,0,x,0,-2,-2,0,2,-2,-2,2,2,-2,-2,2,2,-2,-2,2,2,-2,-2,2,2,-2,-2,2,2,-2,-2,2,2,-2,-2,2,2,-2,-2,2,2,-2,-2,2,2,-2,-2,2,2,-2,-2,2
1,-1,x,-1,x,-1,-6,-6,-2,-2,0,0,-2,6,-6,-2,3,0,-2,-2,0,x,0,-2,-2,0,0,3,2,0,-2,0,x,0,-2,-2,0,2,-2,-2,2,2,-2,-2,2,2,-2,-2,2,2,-2,-2,2,2,-2,-2,2,2,-2,-2,2,2,-2,-2,2,2,-2,-2,2,2,-2,-2,2,2,-2,-2,2,2,-2,-2,2,2,-2
x,x,2,-2,-1,0,x,x,x,0,3,6,-6,-2,3,0,-2,-2,0,x,0,-2,-2,0,0,3,2,0,-2,0,x,0,-2,-2,0,2,-2,-2,2,2,-2,-2,2,2,-2,-2,2,2,-2,-2,2,2,-2,-2,2,2,-2,-2,2,2,-2,-2,2,2,-2,-2,2,2,-2,-2,2,2,-2,-2,2,2,-2,-2,2,2,-2,-2,2
0,x,-1,-1,2,0,-6,0,3,6,0,-2,3,3,-2,-2,0,x,0,-2,-2,0,0,3,2,0,-2,0,x,0,-2,-2,0,2,-2,-2,2,2,-2,-2,2,2,-2,-2,2,2,-2,-2,2,2,-2,-2,2,2,-2,-2,2,2,-2,-2,2,2,-2,-2,2,2,-2,-2,2,2,-2,-2,2,2,-2,-2,2,2,-2,-2,2,2,-2
-6,-1,x,0,0,0,x,-2,0,-2,3,3,-2,-2,0,x,3,-2,-2,0,0,3,2,0,-2,0,x,0,-2,-2,0,2,-2,-2,2,2,-2,-2,2,2,-2,-2,2,2,-2,-2,2,2,-2,-2,2,2,-2,-2,2,2,-2,-2,2,2,-2,-2,2,2,-2,-2,2,2,-2,-2,2,2,-2,-2,2,2,-2,-2,2,2,-2,-2,2
-1,0,0,0,0,-2,0,-2,3,0,-2,-2,0,3,3,-2,-2,0,0,3,2,-2,-2,0,x,0,-2,-2,0,2,-2,-2,2,2,-2,-2,2,2,-2,-2,2,2,-2,-2,2,2,-2,-2,2,2,-2,-2,2,2,-2,-2,2,2,-2,-2,2,2,-2,-2,2,2,-2,-2,2,2,-2,-2,2,2,-2,-2,2,2,-2,-2,2,2,-2
0,0,0,-2,0,-2,3,0,-2,-2,0,3,0,-2,-2,0,3,3,-3,-2,-2,0,x,0,-2,-2,0,2,-2,-2,2,2,-2,-2,2,2,-2,-2,2,2,-2,-2,2,2,-2,-2,2,2,-2,-2,2,2,-2,-2,2,2,-2,-2,2,2,-2,-2,2,2,-2,-2,2,2,-2,-2,2,2,-2,-2,2,2,-2,-2,2,2,-2,-2,2
0,-2,0,-2,3,0,-2,-2,0,3,0,-2,-2,0,3,-2,-2,-2,-2,3,3,0,-2,-2,0,2,-2,-2,2,2,-2,-2,2,2,-2,-2,2,2,-2,-2,2,2,-2,-2,2,2,-2,-2,2,2,-2,-2,2,2,-2,-2,2,2,-2,-2,2,2,-2,-2,2,2,-2,-2,2,2,-2,-2,2,2,-2,-2,2,2,-2,-2,2,2,-2
0,-2,3,0,-2,-2,0,3,0,-2,-2,0,3,-2,-2,-2,-2,3,3,-2,-2,-2,3,x,-2,-2,2,2,-2,-2,2,2,-2,-2,2,2,-2,-2,2,2,-2,-2,2,2,-2,-2,2,2,-2,-2,2,2,-2,-2,2,2,-2,-2,2,2,-2,-2,2,2,-2,-2,2,2,-2,-2,2,2,-2,-2,2,2,-2,-2,2,2,-2,-2,2
3,0,-2,-2,0,3,0,-2,-2,0,3,-2,-2,-2,-2,3,3,-2,-2,-2,3,3,-2,-2,2,x,-2,-2,2,2,-2,-2,2,2,-2,-2,2,2,-2,-2,2,2,-2,-2,2,2,-2,-2,2,2,-2,-2,2,2,-2,-2,2,2,-2,-2,2,2,-2,-2,2,2,-2,-2,2,2,-2,-2,2,2,-2,-2,2,2,-2,-2,2,2,-2
-2,-2,0,3,0,-2,-2,0,3,-2,-2,-2,-2,3,3,-2,-2,-2,3,3,-2,-2,2,3,x,-2,x,2,-2,-2,2,2,-2,-2,2,2,-2,-2,2,2,-2,-2,2,2,-2,-2,2,2,-2,-2,2,2,-2,-2,2,2,-2,-2,2,2,-2,-2,2,2,-2,-2,2,2,-2,-2,2,2,-2,-2,2,2,-2,-2,2,2,-2,-2,2
0,3,0,-2,-2,0,3,-2,-2,-2,-2,3,3,-2,-2,-2,3,3,-2,-2,0,3,3,-2,-2,2,-2,-2,x,2,-2,-2,2,2,-2,-2,2,2,-2,-2,2,2,-2,-2,2,2,-2,-2,2,2,-2,-2,2,2,-2,-2,2,2,-2,-2,2,2,-2,-2,2,2,-2,-2,2,2,-2,-2,2,2,-2,-2,2,2,-2,-2,2,2,-2
0,-2,-2,0,3,-2,-2,-2,-2,3,3,-2,-2,-2,3,3,-2,-2,0,3,3,-2,-2,2,x,x,-2,x,-2,-2,2,2,-2,-2,2,2,-2,-2,2,2,-2,-2,2,2,-2,-2,2,2,-2,-2,2,2,-2,-2,2,2,-2,-2,2,2,-2,-2,2,2,-2,-2,2,2,-2,-2,2,2,-2,-2,2,2,-2,-2,2,2,-2,-2,2
-2,0,3,-2,-2,-2,-2,3,3,-2,-2,-2,3,3,-2,-2,0,3,3,-2,-2,0,3,3,-2,-3,-2,-2,2,2,-2,-2,2,2,-2,-2,2,2,-2,-2,2,2,-2,-2,2,2,-2,-2,2,2,-2,-2,2,2,-2,-2,2,2,-2,-2,2,2,-2,-2,2,2,-2,-2,2,2,-2,-2,2,2,-2,-2,2,2,-2,-2,2,2,-2
3,-2,-2,-2,-2,3,3,-2,-2,-2,3,3,-2,-2,0,3,3,-2,-2,3,3,3,x,x,-2,x,x,x,x,-2,2,2,-2,-2,2,2,-2,-2,2,2,-2,-2,2,2,-2,-2,2,2,-2,-2,2,2,-2,-2,2,2,-2,-2,2,2,-2,-2,2,2,-2,-2,2,2,-2,-2,2,2,-2,-2,2,2,-2,-2,2,2,-2,-2,2
-2,-2,-2,3,3,-2,-2,-2,3,3,-2,-2,0,3,3,-2,-2,0,3,3,-2,-2,-3,3,3,0,0,-2,2,2,-2,-2,2,2,-2,-2,2,2,-2,-2,2,2,-2,-2,2,2,-2,-2,2,2,-2,-2,2,2,-2,-2,2,2,-2,-2,2,2,-2,-2,2,2,-2,-2,2,2,-2,-2,2,2,-2,-2,2,2,-2,-2,2,2,-2
-2,3,3,-2,-2,-2,3,3,-2,-2,0,3,3,-2,-2,0,3,3,-2,x,0,3,3,-2,-2,-3,-3,x,-2,-2,2,2,-2,-2,2,2,-2,-2,2,2,-2,-2,2,2,-2,-2,2,2,-2,-2,2,2,-2,-2,2,2,-2,-2,2,2,-2,-2,2,2,-2,-2,2,2,-2,-2,2,2,-2,-2,2,2,-2,-2,2,2,-2,-2,2
3,-2,-2,-2,3,3,-2,-2,0,3,3,-2,-2,0,3,3,-2,-2,0,3,-3,-2,x,-3,x,x,-2,-2,x,2,-2,-2,2,2,-2,-2,2,2,-2,-2,2,2,-2,-2,2,2,-2,-2,2,2,-2,-2,2,2,-2,-2,2,2,-2,-2,2,2,-2,-2,2,2,-2,-2,2,2,-2,-2,2,2,-2,-2,2,2,-2,-2,2,2,-2
-2,-2,3,3,-2,-2,0,3,3,-2,-2,0,3,3,-2,-2,0,x,-2,-2,x,0,3,0,-2,-2,0,2,-2,-2,2,2,-2,-2,2,2,-2,-2,2,2,-2,-2,2,2,-2,-2,2,2,-2,-2,2,2,-2,-2,2,2,-2,-2,2,2,-2,-2,2,2,-2,-2,2,2,-2,-2,2,2,-2,-2,2,2,-2,-2,2,2,-2,-2,2
3,0,-2,-2,0,3,3,-2,-2,0,3,3,-2,-2,0,3,3,-2,-2,0,3,0,-2,-2,0,x,-2,-2,2,2,-2,-2,2,2,-2,-2,2,2,-2,-2,2,2,-2,-2,2,2,-2,-2,2,2,-2,-2,2,2,-2,-2,2,2,-2,-2,2,2,-2,-2,2,2,-2,-2,2,2,-2,-2,2,2,-2,-2,2,2,-2,-2,2,2,-2
-2,-2,0,3,0,-2,-2,0,3,3,-2,-2,0,3,3,-2,-2,0,3,3,-2,-2,0,3,-2,-2,2,2,-2,-2,2,2,-2,-2,2,2,-2,-2,2,2,-2,-2,2,2,-2,-2,2,2,-2,-2,2,2,-2,-2,2,2,-2,-2,2,2,-2,-2,2,2,-2,-2,2,2,-2,-2,2,2,-2,-2,2,2,-2,-2,2,2,-2,-2,2
0,3,0,-2,-2,0,3,0,-2,-2,0,3,3,-2,-2,0,3,3,-2,-2,0,3,-2,-2,x,x,x,-2,x,2,-2,-2,2,2,-2,-2,2,2,-2,-2,2,2,-2,-2,2,2,-2,-2,2,2,-2,-2,2,2,-2,-2,2,2,-2,-2,2,2,-2,-2,2,2,-2,-2,2,2,-2,-2,2,2,-2,-2,2,2,-2,-2,2,2,-2
0,-2,-2,0,3,0,-2,-2,0,3,0,-2,-2,0,3,3,-2,-2,0,3,-2,-2,-2,0,3,-2,-2,2,-2,-2,2,2,-2,-2,2,2,-2,-2,2,2,-2,-2,2,2,-2,-2,2,2,-2,-2,2,2,-2,-2,2,2,-2,-2,2,2,-2,-2,2,2,-2,-2,2,2,-2,-2,2,2,-2,-2,2,2,-2,-2,2,2,-2,-2,2
-2,0,3,0,-2,-2,0,3,0,-2,-2,0,3,0,-2,-2,0,3,-2,-2,-2,0,3,-2,-2,2,x,x,2,x,-2,-2,2,2,-2,-2,2,2,-2,-2,2,2,-2,-2,2,2,-2,-2,2,2,-2,-2,2,2,-2,-2,2,2,-2,-2,2,2,-2,-2,2,2,-2,-2,2,2,-2,-2,2,2,-2,-2,2,2,-2,-2,2,2,-2
3,0,-2,-2,0,3,0,-2,-2,0,3,0,-2,-2,0,3,-2,-2,-2,0,3,-2,-2,0,3,3,2,3,-2,-2,2,2,-2,-2,2,2,-2,-2,2,2,-2,-2,2,2,-2,-2,2,2,-2,-2,2,2,-2,-2,2,2,-2,-2,2,2,-2,-2,2,2,-2,-2,2,2,-2,-2,2,2,-2,-2,2,2,-2,-2,2,2,-2,-2,2
-2,-2,0,3,0,-2,-2,0,3,0,-2,-2,0,3,-2,-2,-2,0,3,-2,-2,0,0,3,2,x,-2,x,x,x,x,-2,x,2,-2,-2,2,2,-2,-2,2,2,-2,-2,2,2,-2,-2,2,2,-2,-2,2,2,-2,-2,2,2,-2,-2,2,2,-2,-2,2,2,-2,-2,2,2,-2,-2,2,2,-2,-2,2,2,-2,-2,2,2,-2
0,3,0,-2,-2,0,3,0,-2,-2,0,3,-2,-2,-2,0,3,-2,-2,0,0,3,2,-2,-2,0,x,0,-2,-2,0,2,-2,-2,2,2,-2,-2,2,2,-2,-2,2,2,-2,-2,2,2,-2,-2,2,2,-2,-2,2,2,-2,-2,2,2,-2,-2,2,2,-2,-2,2,2,-2,-2,2,2,-2,-2,2,2,-2,-2,2,2,-2,-2,2
0,-2,-2,0,3,0,-2,-2,0,3,-2,-2,-2,0,3,-2,-2,0,0,3,2,-2,-2,0,x,0,-2,-2,0,2,-2,-2,2,2,-2,-2,2,2,-2,-2,2,2,-2,-2,2,2,-2,-2,2,2,-2,-2,2,2,-2,-2,2,2,-2,-2,2,2,-2,-2,2,2,-2,-2,2,2,-2,-2,2,2,-2,-2,2,2,-2,-2,2,2,-2
-2,0,3,0,-2,-2,0,3,-2,-2,-2,0,3,-2,-2,0,0,3,2,-2,-2,0,x,0,-2,-2,0,2,-2,-2,2,2,-2,-2,2,2,-2,-2,2,2,-2,-2,2,2,-2,-2,2,2,-2,-2,2,2,-2,-2,2,2,-2,-2,2,2,-2,-2,2,2,-2,-2,2,2,-2,-2,2,2,-2,-2,2,2,-2,-2,2,2,-2,-2,2
3,0,-2,-2,0,3,-2,-2,-2,0,3,-2,-2,0,0,3,2,-2,-2,0,x,0,-2,-2,0,2,-2,-2,2,2,-2,-2,2,2,-2,-2,2,2,-2,-2,2,2,-2,-2,2,2,-2,-2,2,2,-2,-2,2,2,-2,-2,2,2,-2,-2,2,2,-2,-2,2,2,-2,-2,2,2,-2,-2,2,2,-2,-2,2,2,-2,-2,2,2,-2
-2,-2,0,3,-2,-2,-2,0,3,-2,-2,0,0,3,2,-2,-2,0,x,0,-2,-2,0,2,-2,-2,2,2,-2,-2,2,2,-2,-2,2,2,-2,-2,2,2,-2,-2,2,2,-2,-2,2,2,-2,-2,2,2,-2,-2,2,2,-2,-2,2,2,-2,-2,2,2,-2,-2,2,2,-2,-2,2,2,-2,-2,2,2,-2,-2,2,2,-2,-2,2
0,3,-2,-2,-2,0,3,-2,-2,0,0,3,2,-2,-2,0,x,0,-2,-2,0,2,-2,-2,2,2,-2,-2,2,2,-2,-2,2,2,-2,-2,2,2,-2,-2,2,2,-2,-2,2,2,-2,-2,2,2,-2,-2,2,2,-2,-2,2,2,-2,-2,2,2,-2,-2,2,2,-2,-2,2,2,-2,-2,2,2,-2,-2,2,2,-2,-2,2,2,-2
-2,-2,-2,0,3,-2,-2,0,0,3,2,-2,-2,0,x,0,-2,-2,0,2,-2,-2,2,2,-2,-2,2,2,-2,-2,2,2,-2,-2,2,2,-2,-2,2,2,-2,-2,2,2,-2,-2,2,2,-2,-2,2,2,-2,-2,2,2,-2,-2,2,2,-2,-2,2,2,-2,-2,2,2,-2,-2,2,2,-2,-2,2,2,-2,-2,2,2,-2,-2,2
