A. How many distinct values in final generation
~~~~~~~~~~~~~~~~~~~~~~~~~~~~~~~~~~~~~~~~~~~~~~~

Distinct value count: 11 distinct values
  1: 2 (33, 72)
  2: 20 (2, 3, 8, 9, 11, 15, 19, 21, 30, 32, 40, 48, 54, 66, 67, 76, 77, 79, 85, 94)
  3: 31 (4, 5, 16, 24, 25, 26, 28, 34, 36, 38, 39, 41, 42, 44, 49, 50, 61, 62, 63, 65, 70, 74, 75, 78, 81, 82, 83, 89, 90, 91, 100)
  4: 14 (7, 12, 14, 17, 18, 37, 43, 47, 51, 55, 73, 80, 86, 93)
  5: 16 (6, 10, 20, 23, 27, 35, 52, 53, 56, 58, 59, 64, 84, 88, 95, 97)
  6: 6 (22, 29, 31, 45, 68, 98)
  7: 5 (1, 46, 57, 87, 96)
  8: 2 (69, 92)
  9: 2 (60, 99)
  10: 1 (13)
  11: 1 (71)

***

B. Distribution of categories of dynamics
~~~~~~~~~~~~~~~~~~~~~~~~~~~~~~~~~~~~~~~~~~
Category 0 => No cycles found (complex or glider)
Category 1 => static (N==N-1)
Category 2 => cycle length 2
etc.

Category: 3 distinct values
  0: 71 (1, 5, 6, 7, 10, 12, 13, 14, 15, 17, 18, 20, 22, 23, 25, 26, 27, 28, 29, 31, 34, 35, 36, 37, 38, 42, 43, 44, 45, 46, 47, 49, 50, 51, 52, 53, 55, 56, 57, 58, 59, 60, 62, 64, 65, 66, 68, 69, 70, 71, 73, 75, 78, 80, 81, 82, 83, 84, 86, 87, 88, 89, 91, 92, 93, 95, 96, 97, 98, 99, 100)
  1: 2 (33, 72)
  2: 27 (2, 3, 4, 8, 9, 11, 16, 19, 21, 24, 30, 32, 39, 40, 41, 48, 54, 61, 63, 67, 74, 76, 77, 79, 85, 90, 94)

